[49m [48;2;0;0;0m [38;2;255;214;8;48;2;0;0;0m▄▄[48;2;0;0;0m  [38;2;0;0;0;49m▄▄▄[49m           [m
[49m [48;2;0;0;0m [38;2;0;0;0;48;2;92;33;4m▄[38;2;194;157;38;48;2;255;214;8m▄[48;2;255;214;8m    [38;2;255;214;8;48;2;0;0;0m▄[48;2;0;0;0m [38;2;0;0;0;49m▄▄[49m        [m
[49m [49;38;2;0;0;0m▀[48;2;0;0;0m [48;2;194;157;38m [38;2;194;157;38;48;2;255;214;8m▄▄[48;2;255;214;8m   [38;2;255;214;8;48;2;0;0;0m▄▄[48;2;0;0;0m [38;2;0;0;0;49m▄▄[49m      [m
[49m  [49;38;2;0;0;0m▀[48;2;0;0;0m [48;2;194;157;38m    [38;2;194;157;38;48;2;255;214;8m▄▄[48;2;255;214;8m   [38;2;255;214;8;48;2;0;0;0m▄▄▄▄▄▄[48;2;0;0;0m [m
[49m   [48;2;0;0;0m [38;2;0;0;0;48;2;194;157;38m▄▄[48;2;194;157;38m [38;2;255;214;8;48;2;194;157;38m▄▄[48;2;255;214;8m [38;2;194;157;38;48;2;255;214;8m▄▄▄[48;2;194;157;38m [38;2;0;0;0;48;2;194;157;38m▄▄▄▄[48;2;0;0;0m [49;38;2;0;0;0m▀[m
[49m  [48;2;0;0;0m  [48;2;194;157;38m       [48;2;0;0;0m   [49m      [m
[38;2;0;0;0;49m▄[48;2;0;0;0m [38;2;194;157;38;48;2;0;0;0m▄[48;2;194;157;38m   [38;2;0;0;0;48;2;194;157;38m▄▄[48;2;0;0;0m  [38;2;255;214;8;48;2;0;0;0m▄[48;2;0;0;0m  [48;2;255;214;8m [48;2;0;0;0m  [38;2;0;0;0;49m▄[49m   [m
[48;2;0;0;0m [38;2;0;0;0;48;2;194;157;38m▄▄[38;2;31;210;255;48;2;0;0;0m▄[38;2;0;0;0;48;2;31;210;255m▄▄[48;2;0;0;0m    [38;2;0;0;0;48;2;255;214;8m▄[48;2;0;0;0m     [38;2;0;0;0;48;2;31;210;255m▄[38;2;31;210;255;48;2;0;0;0m▄[38;2;0;0;0;49m▄[49m [m
[49m  [48;2;0;0;0m [38;2;0;0;0;48;2;31;210;255m▄[48;2;31;210;255m   [38;2;0;0;0;48;2;31;210;255m▄▄▄[48;2;31;210;255m [38;2;31;210;255;48;2;0;0;0m▄▄▄[48;2;31;210;255m   [38;2;0;0;0;48;2;31;210;255m▄[48;2;0;0;0m [49m [m
[49m  [48;2;0;0;0m [48;2;31;210;255m       [48;2;0;0;0m  [48;2;31;210;255m    [48;2;0;0;0m [48;2;255;214;8m  [48;2;0;0;0m [m
[49m  [48;2;0;0;0m [48;2;31;210;255m       [48;2;0;0;0m [38;2;255;214;8;48;2;0;0;0m▄▄[38;2;0;0;0;48;2;31;210;255m▄[48;2;31;210;255m  [38;2;31;210;255;48;2;0;0;0m▄[38;2;0;0;0;48;2;255;214;8m▄▄[49;38;2;0;0;0m▀[m
[49m  [48;2;0;0;0m [48;2;31;210;255m       [48;2;0;0;0m [38;2;0;0;0;48;2;255;214;8m▄▄[38;2;31;210;255;48;2;0;0;0m▄[48;2;31;210;255m  [48;2;0;0;0m [48;2;31;210;255m [48;2;0;0;0m [49m [m
[49m  [48;2;0;0;0m  [48;2;31;210;255m     [48;2;0;0;0m [48;2;31;210;255m   [38;2;0;0;0;48;2;31;210;255m▄[38;2;31;210;255;48;2;0;0;0m▄▄[48;2;31;210;255m  [48;2;0;0;0m [49m [m
[49m [38;2;0;0;0;49m▄[48;2;0;0;0m [38;2;31;210;255;48;2;0;0;0m▄[38;2;0;0;0;48;2;31;210;255m▄▄[48;2;31;210;255m  [38;2;0;0;0;48;2;31;210;255m▄[38;2;31;210;255;48;2;0;0;0m▄[48;2;31;210;255m [38;2;0;0;0;48;2;31;210;255m▄▄[38;2;31;210;255;48;2;0;0;0m▄[48;2;31;210;255m    [48;2;0;0;0m [38;2;0;0;0;49m▄[m
[49m [48;2;0;0;0m [38;2;0;0;0;48;2;31;210;255m▄▄▄▄[48;2;0;0;0m  [38;2;0;0;0;48;2;31;210;255m▄▄▄▄▄▄▄▄▄▄▄[48;2;0;0;0m [m
