[49m     [38;2;25;194;81;49m▄[48;2;25;194;81m    [38;2;25;194;81;49m▄▄[38;2;18;158;64;49m▄[49m       [m
[49m      [38;2;18;158;64;49m▄[38;2;20;158;66;49m▄[38;2;20;158;66;48;2;25;194;81m▄▄[48;2;25;194;81m [38;2;15;215;69;48;2;25;194;81m▄[38;2;18;182;67;48;2;22;173;72m▄[38;2;20;158;66;49m▄[38;2;18;158;64;49m▄[49m     [m
[49m    [38;2;20;158;66;49m▄[48;2;20;158;66m     [48;2;17;133;55m [38;2;17;133;55;48;2;25;194;81m▄[38;2;0;250;50;48;2;14;218;67m▄[38;2;25;194;81;48;2;20;158;66m▄[48;2;20;158;66m  [49m    [m
[49m    [48;2;20;158;66m  [38;2;17;133;55;48;2;20;158;66m▄[48;2;17;133;55m     [38;2;17;133;55;48;2;21;167;69m▄[48;2;0;250;50m [48;2;25;194;81m [48;2;20;158;66m  [49m   [m
[49m [49;38;2;25;194;81m▀[49m [38;2;20;158;66;49m▄[48;2;20;158;66m [48;2;17;133;55m [38;2;25;194;81;48;2;17;133;55m▄[48;2;17;133;55m  [38;2;14;107;44;48;2;17;133;55m▄[48;2;14;107;44m   [38;2;14;107;44;48;2;25;194;81m▄[48;2;0;250;50m [38;2;17;133;55;48;2;20;158;66m▄[48;2;20;158;66m [38;2;20;158;66;49m▄[49m  [m
[49m  [38;2;20;158;66;48;2;16;156;65m▄[48;2;20;158;66m [38;2;0;250;50;48;2;25;194;81m▄[38;2;0;250;50;48;2;21;201;77m▄[38;2;17;133;55;48;2;2;235;50m▄[48;2;17;133;55m [38;2;14;107;44;48;2;16;129;53m▄[48;2;14;107;44m [38;2;12;94;39;48;2;14;107;44m▄[38;2;12;94;39;48;2;13;105;43m▄[48;2;12;94;39m  [38;2;25;194;81;48;2;0;250;50m▄[48;2;17;133;55m [38;2;17;133;55;48;2;19;154;64m▄[48;2;20;158;66m [49m [38;2;25;194;81;49m▄[m
[49m  [48;2;20;158;66m [38;2;25;194;81;48;2;20;158;66m▄[38;2;25;194;81;48;2;0;250;50m▄[48;2;17;133;55m   [48;2;14;107;44m  [48;2;12;94;39m  [38;2;9;78;32;48;2;12;94;39m▄[38;2;8;66;28;48;2;12;94;39m▄▄[48;2;17;133;55m  [48;2;20;158;66m [38;2;20;158;66;49m▄[48;2;25;194;81m [m
[49m  [38;2;25;194;81;48;2;20;158;66m▄[38;2;0;250;50;48;2;25;194;81m▄[48;2;17;133;55m   [48;2;14;107;44m   [48;2;12;94;39m [38;2;8;66;28;48;2;12;94;39m▄[48;2;8;66;28m   [48;2;17;133;55m  [48;2;20;158;66m  [48;2;25;194;81m [m
[49m  [48;2;0;250;50m  [48;2;17;133;55m   [48;2;14;107;44m  [48;2;12;94;39m  [48;2;8;66;28m  [38;2;6;48;21;48;2;8;66;28m▄[48;2;6;48;21m  [48;2;17;133;55m [48;2;20;158;66m [38;2;25;194;81;48;2;20;158;66m▄[48;2;25;194;81m [m
[49m [48;2;25;194;81m [38;2;20;158;66;48;2;25;194;81m▄[48;2;17;133;55m    [48;2;14;107;44m  [48;2;12;94;39m  [48;2;8;66;28m  [48;2;6;48;21m   [48;2;17;133;55m [48;2;20;158;66m [48;2;25;194;81m [49m [m
[38;2;25;194;81;49m▄[48;2;25;194;81m [48;2;20;158;66m [48;2;17;133;55m    [48;2;14;107;44m  [48;2;12;94;39m  [48;2;8;66;28m  [48;2;6;48;21m  [48;2;17;133;55m  [38;2;25;194;81;48;2;20;158;66m▄[48;2;25;194;81m [49m [m
[38;2;25;194;81;49m▄[48;2;25;194;81m [48;2;20;158;66m [48;2;17;133;55m    [48;2;14;107;44m  [48;2;12;94;39m   [48;2;8;66;28m  [38;2;8;66;28;48;2;6;48;21m▄[48;2;17;133;55m  [48;2;25;194;81m  [49m [m
[48;2;25;194;81m  [48;2;20;158;66m [48;2;17;133;55m    [48;2;14;107;44m  [48;2;12;94;39m   [38;2;9;78;32;48;2;8;66;28m▄[48;2;8;66;28m  [48;2;17;133;55m  [38;2;0;250;50;48;2;25;194;81m▄[48;2;25;194;81m [49m [m
[48;2;25;194;81m  [48;2;20;158;66m  [38;2;25;194;81;48;2;17;133;55m▄[48;2;17;133;55m  [48;2;14;107;44m  [38;2;14;107;44;48;2;12;94;39m▄[48;2;12;94;39m     [48;2;17;133;55m [38;2;0;250;50;48;2;17;133;55m▄[38;2;20;158;66;48;2;0;250;50m▄[48;2;20;158;66m [49m [m
[49m [48;2;25;194;81m [49;38;2;20;158;66m▀[48;2;20;158;66m [38;2;18;140;58;48;2;25;194;81m▄[38;2;25;194;81;48;2;0;250;50m▄[48;2;17;133;55m [38;2;17;133;55;48;2;14;107;44m▄[48;2;14;107;44m  [38;2;13;105;43;48;2;12;94;39m▄[48;2;12;94;39m   [38;2;16;128;53;48;2;12;94;39m▄[48;2;0;250;50m [38;2;20;158;66;48;2;0;250;50m▄[48;2;20;158;66m [49;38;2;20;158;66m▀[49m [m
[49m [48;2;25;194;81m [49m [48;2;20;158;66m [48;2;17;133;55m [38;2;17;133;55;48;2;25;194;81m▄[48;2;0;250;50m [48;2;17;133;55m [48;2;14;107;44m    [38;2;14;107;44;48;2;12;99;41m▄[48;2;12;94;39m [38;2;12;94;39;48;2;17;133;55m▄[38;2;20;158;66;48;2;17;133;55m▄[48;2;20;158;66m [49;38;2;20;158;66m▀[49m  [m
[49m   [49;38;2;20;158;66m▀[48;2;20;158;66m [38;2;20;158;66;48;2;17;133;55m▄[38;2;25;194;81;48;2;0;250;50m▄[38;2;0;250;50;48;2;25;194;81m▄[48;2;17;133;55m [38;2;17;133;55;48;2;14;107;44m▄▄▄[48;2;17;133;55m  [38;2;20;158;66;48;2;17;133;55m▄[48;2;20;158;66m  [49m   [m
[49m    [49;38;2;20;158;66m▀[48;2;20;158;66m  [48;2;25;194;81m [38;2;0;250;50;48;2;25;194;81m▄[38;2;25;194;81;48;2;17;133;55m▄[48;2;17;133;55m [38;2;20;158;66;48;2;17;133;55m▄[38;2;20;158;66;48;2;18;147;61m▄[48;2;20;158;66m  [49;38;2;20;158;66m▀[49m    [m
[49m     [49;38;2;18;158;64m▀[48;2;20;158;66m  [38;2;20;158;66;48;2;21;171;71m▄[38;2;25;194;81;48;2;15;215;69m▄[38;2;25;194;81;48;2;23;180;75m▄[38;2;25;194;81;48;2;20;158;66m▄[48;2;20;158;66m [49;38;2;20;158;66m▀▀[38;2;25;194;81;48;2;24;194;80m▄[38;2;25;194;81;49m▄[49m [49;38;2;24;193;80m▀[49m [m
[49m       [49;38;2;20;158;66m▀▀[49;38;2;25;194;81m▀[48;2;25;194;81m     [49;38;2;25;194;81m▀[49m    [m
