[49m     [38;2;196;0;0;49m▄[48;2;196;0;0m     [38;2;196;0;0;49m▄[38;2;145;0;0;49m▄[49m        [m
[49m      [38;2;144;0;0;49m▄[38;2;145;0;0;49m▄[48;2;145;0;0m [38;2;145;0;0;48;2;196;0;0m▄[38;2;176;0;0;48;2;196;0;0m▄[48;2;196;0;0m [38;2;218;0;0;48;2;196;0;0m▄[48;2;145;0;0m [38;2;144;0;0;49m▄[49m      [m
[49m     [48;2;145;0;0m     [38;2;117;0;0;48;2;145;0;0m▄[48;2;117;0;0m [48;2;255;0;0m [38;2;255;0;0;48;2;196;0;0m▄[48;2;145;0;0m  [48;2;144;0;0m [49m    [m
[49m    [38;2;145;0;0;49m▄[48;2;145;0;0m  [48;2;117;0;0m      [38;2;117;0;0;48;2;196;0;0m▄[48;2;196;0;0m [38;2;117;0;0;48;2;145;0;0m▄[48;2;145;0;0m [38;2;145;0;0;49m▄[49m   [m
[49m [49;38;2;196;0;0m▀[49m [38;2;145;0;0;49m▄[48;2;145;0;0m [48;2;117;0;0m [38;2;196;0;0;48;2;117;0;0m▄[48;2;117;0;0m  [38;2;109;0;0;48;2;117;0;0m▄[48;2;77;0;0m    [48;2;255;0;0m [48;2;196;0;0m [38;2;122;0;0;48;2;145;0;0m▄[48;2;145;0;0m [38;2;145;0;0;49m▄[49m  [m
[49m  [38;2;146;0;0;49m▄[48;2;145;0;0m [38;2;196;0;0;48;2;145;0;0m▄[38;2;255;0;0;48;2;203;0;0m▄[38;2;117;0;0;48;2;255;0;0m▄[48;2;117;0;0m  [38;2;77;0;0;48;2;105;0;0m▄[48;2;77;0;0m [38;2;61;0;0;48;2;77;0;0m▄[48;2;61;0;0m  [38;2;196;0;0;48;2;255;0;0m▄[48;2;117;0;0m [38;2;117;0;0;48;2;121;0;0m▄[38;2;117;0;0;48;2;145;0;0m▄[48;2;145;0;0m [48;2;196;0;0m [38;2;196;0;0;49m▄[m
[49m  [48;2;145;0;0m [38;2;196;0;0;48;2;145;0;0m▄[38;2;255;0;0;48;2;196;0;0m▄[48;2;117;0;0m   [48;2;77;0;0m  [38;2;61;0;0;48;2;77;0;0m▄[48;2;61;0;0m  [38;2;41;0;0;48;2;61;0;0m▄▄▄[48;2;117;0;0m [38;2;145;0;0;48;2;117;0;0m▄[48;2;145;0;0m [48;2;196;0;0m  [m
[49m  [38;2;154;0;0;48;2;145;0;0m▄[38;2;255;0;0;48;2;196;0;0m▄[38;2;117;0;0;48;2;255;0;0m▄[48;2;117;0;0m  [48;2;77;0;0m   [48;2;61;0;0m  [48;2;41;0;0m   [38;2;23;0;0;48;2;41;0;0m▄[48;2;117;0;0m  [48;2;145;0;0m [48;2;196;0;0m  [m
[49m  [38;2;207;0;0;48;2;165;0;0m▄[48;2;255;0;0m [48;2;117;0;0m   [48;2;77;0;0m  [48;2;74;0;0m [48;2;61;0;0m  [48;2;41;0;0m  [48;2;23;0;0m  [48;2;40;0;0m [48;2;117;0;0m [48;2;145;0;0m [48;2;196;0;0m  [m
[49m [48;2;196;0;0m [38;2;234;0;0;48;2;243;0;0m▄[48;2;117;0;0m    [48;2;77;0;0m  [48;2;74;0;0m [48;2;61;0;0m  [48;2;41;0;0m  [48;2;23;0;0m  [48;2;40;0;0m [48;2;117;0;0m [48;2;145;0;0m [48;2;196;0;0m [49m [m
[38;2;196;0;0;49m▄[48;2;196;0;0m [38;2;145;0;0;48;2;186;0;0m▄[48;2;117;0;0m    [48;2;77;0;0m  [48;2;74;0;0m [48;2;61;0;0m  [48;2;41;0;0m  [48;2;23;0;0m  [48;2;117;0;0m  [38;2;196;0;0;48;2;145;0;0m▄[48;2;196;0;0m [49m [m
[38;2;196;0;0;49m▄[48;2;196;0;0m [48;2;145;0;0m [48;2;117;0;0m    [48;2;77;0;0m  [48;2;74;0;0m [48;2;61;0;0m  [48;2;41;0;0m  [38;2;41;0;0;48;2;23;0;0m▄▄[48;2;117;0;0m  [48;2;196;0;0m  [49m [m
[48;2;196;0;0m  [48;2;145;0;0m [48;2;117;0;0m    [48;2;77;0;0m  [48;2;74;0;0m [48;2;61;0;0m  [38;2;61;0;0;48;2;41;0;0m▄[48;2;41;0;0m   [48;2;117;0;0m [38;2;196;0;0;48;2;117;0;0m▄[38;2;255;0;0;48;2;196;0;0m▄[49;38;2;196;0;0m▀[49m [m
[48;2;196;0;0m  [38;2;146;0;0;48;2;145;0;0m▄[48;2;145;0;0m [48;2;117;0;0m   [48;2;77;0;0m  [38;2;77;0;0;48;2;74;0;0m▄[48;2;61;0;0m     [38;2;117;0;0;48;2;61;0;0m▄[38;2;142;0;0;48;2;117;0;0m▄[38;2;145;0;0;48;2;255;0;0m▄▄[49;38;2;145;0;0m▀[49m [m
[49m [48;2;196;0;0m [49;38;2;146;0;0m▀[48;2;145;0;0m [38;2;141;0;0;48;2;117;0;0m▄[38;2;196;0;0;48;2;255;0;0m▄[48;2;255;0;0m [38;2;117;0;0;48;2;77;0;0m▄[48;2;77;0;0m  [38;2;77;0;0;48;2;61;0;0m▄[38;2;75;0;0;48;2;61;0;0m▄[48;2;61;0;0m  [38;2;110;0;0;48;2;61;0;0m▄[38;2;237;0;0;48;2;117;0;0m▄[38;2;234;0;0;48;2;255;0;0m▄[48;2;145;0;0m  [49m  [m
[49m [48;2;196;0;0m [49m [48;2;145;0;0m  [38;2;117;0;0;48;2;196;0;0m▄[48;2;255;0;0m [48;2;117;0;0m [38;2;117;0;0;48;2;77;0;0m▄[48;2;77;0;0m    [38;2;77;0;0;48;2;61;0;0m▄[38;2;61;0;0;48;2;117;0;0m▄[38;2;117;0;0;48;2;196;0;0m▄[38;2;145;0;0;48;2;122;0;0m▄[48;2;145;0;0m [49;38;2;145;0;0m▀[49m  [m
[49m   [49;38;2;145;0;0m▀[48;2;145;0;0m [38;2;145;0;0;48;2;117;0;0m▄[48;2;145;0;0m [38;2;255;0;0;48;2;196;0;0m▄[48;2;117;0;0m [38;2;117;0;0;48;2;109;0;0m▄[48;2;77;0;0m [38;2;117;0;0;48;2;77;0;0m▄[48;2;117;0;0m  [38;2;145;0;0;48;2;117;0;0m▄[48;2;145;0;0m  [49m    [m
[49m     [48;2;145;0;0m  [48;2;196;0;0m [38;2;196;0;0;48;2;255;0;0m▄[38;2;255;0;0;48;2;181;0;0m▄[48;2;117;0;0m  [38;2;145;0;0;48;2;117;0;0m▄[48;2;145;0;0m   [49;38;2;144;0;0m▀[49m  [38;2;196;0;0;49m▄[49m [m
[49m     [49;38;2;144;0;0m▀[49;38;2;145;0;0m▀[48;2;145;0;0m  [38;2;154;0;0;48;2;174;0;0m▄[38;2;196;0;0;48;2;176;0;0m▄▄[48;2;145;0;0m  [49;38;2;145;0;0m▀[38;2;196;0;0;48;2;144;0;0m▄[38;2;196;0;0;48;2;195;0;0m▄[49m  [49;38;2;195;0;0m▀[49m [m
[49m       [49;38;2;145;0;0m▀▀[49;38;2;154;0;0m▀[49;38;2;196;0;0m▀[48;2;196;0;0m    [49;38;2;196;0;0m▀[49;38;2;195;0;0m▀[49m    [m
