[49m     [38;2;148;82;206;49m▄[48;2;149;83;207m     [38;2;149;83;207;49m▄[38;2;98;58;207;49m▄[49m        [m
[49m      [38;2;96;56;206;49m▄[38;2;97;57;206;49m▄[48;2;98;58;207m [38;2;98;58;207;48;2;149;83;207m▄[38;2;129;73;207;48;2;149;83;207m▄[48;2;149;83;207m [38;2;169;94;207;48;2;149;83;207m▄[48;2;98;58;207m [38;2;96;56;206;49m▄[49m      [m
[49m     [38;2;98;58;207;48;2;97;57;206m▄[48;2;98;58;207m    [38;2;71;34;156;48;2;98;58;207m▄[48;2;71;34;156m [48;2;204;114;207m [38;2;204;114;207;48;2;149;83;207m▄[48;2;98;58;207m  [49m     [m
[49m    [38;2;98;58;207;49m▄[48;2;98;58;207m  [38;2;71;34;156;48;2;94;55;200m▄[48;2;71;34;156m     [38;2;71;34;156;48;2;149;83;207m▄[48;2;149;83;207m [38;2;71;34;156;48;2;98;58;207m▄[48;2;98;58;207m [38;2;98;58;207;49m▄[49m   [m
[49m [49;38;2;149;83;207m▀[49m [38;2;98;58;207;49m▄[48;2;98;58;207m [48;2;74;37;162m [38;2;149;83;207;48;2;71;34;156m▄[38;2;139;76;200;48;2;71;34;156m▄[48;2;71;34;156m  [48;2;55;26;120m    [48;2;204;114;207m [48;2;149;83;207m [48;2;98;58;207m  [38;2;102;51;204;49m▄[49m  [m
[49m   [48;2;98;58;207m [38;2;149;83;207;48;2;98;58;207m▄[38;2;204;114;207;48;2;155;86;207m▄[38;2;71;34;156;48;2;204;114;207m▄[38;2;71;34;156;48;2;172;95;195m▄[48;2;71;34;156m [38;2;55;26;120;48;2;69;33;151m▄[48;2;55;26;120m [38;2;43;20;94;48;2;55;26;120m▄[48;2;43;20;94m  [38;2;149;83;207;48;2;204;114;207m▄[48;2;71;34;156m [38;2;71;34;156;48;2;94;55;200m▄[38;2;71;34;156;48;2;98;58;207m▄[48;2;102;51;204m [48;2;149;83;207m [38;2;149;82;206;49m▄[m
[49m  [48;2;98;58;207m [38;2;149;83;207;48;2;98;58;207m▄[38;2;204;114;207;48;2;149;83;207m▄[38;2;80;40;162;48;2;87;44;162m▄[48;2;71;34;156m  [48;2;55;26;120m  [38;2;43;20;94;48;2;55;26;120m▄[48;2;43;20;94m  [38;2;34;16;74;48;2;43;20;94m▄▄▄[48;2;71;34;156m [38;2;98;58;207;48;2;71;34;156m▄[38;2;98;58;207;48;2;102;51;204m▄[48;2;149;83;207m [48;2;149;82;206m [m
[49m  [48;2;98;58;207m [38;2;204;114;207;48;2;149;83;207m▄[38;2;71;34;156;48;2;204;114;207m▄[48;2;71;34;156m  [48;2;69;33;151m [48;2;55;26;120m  [48;2;43;20;94m  [48;2;34;16;74m   [38;2;21;10;46;48;2;34;16;74m▄[48;2;71;34;156m  [48;2;98;58;207m [48;2;149;83;207m [48;2;149;82;206m [m
[49m  [38;2;149;83;207;48;2;98;58;207m▄[48;2;204;114;207m [48;2;71;34;156m   [48;2;69;33;151m [48;2;55;26;120m  [48;2;43;20;94m  [48;2;34;16;74m  [48;2;21;10;46m  [48;2;71;34;156m  [38;2;145;81;207;48;2;98;58;207m▄[48;2;149;83;207m [48;2;149;82;206m [m
[49m [48;2;149;83;207m [48;2;204;114;207m [48;2;71;34;156m    [48;2;69;33;151m [48;2;55;26;120m  [48;2;43;20;94m  [48;2;34;16;74m  [48;2;21;10;46m  [48;2;71;34;156m  [48;2;145;81;207m [48;2;149;83;207m [49m [m
[49m [48;2;149;83;207m [38;2;98;58;207;48;2;149;83;207m▄[48;2;71;34;156m    [48;2;69;33;151m [48;2;55;26;120m  [48;2;43;20;94m  [48;2;34;16;74m  [48;2;21;10;46m  [48;2;71;34;156m  [38;2;149;83;207;48;2;145;81;207m▄[48;2;149;83;207m [49m [m
[49m [48;2;149;83;207m [48;2;98;58;207m [48;2;71;34;156m    [48;2;69;33;151m [48;2;55;26;120m  [48;2;43;20;94m  [48;2;34;16;74m  [38;2;34;16;74;48;2;21;10;46m▄▄[48;2;71;34;156m  [48;2;149;83;207m  [49m [m
[49m [48;2;149;83;207m [48;2;98;58;207m [48;2;71;34;156m    [48;2;69;33;151m [48;2;55;26;120m  [48;2;43;20;94m  [38;2;43;20;94;48;2;34;16;74m▄[48;2;34;16;74m   [48;2;71;34;156m [38;2;149;83;207;48;2;71;34;156m▄[38;2;152;84;207;48;2;149;83;207m▄[49;38;2;149;83;207m▀[49m [m
[49m [48;2;149;83;207m [49;38;2;98;58;207m▀[48;2;98;58;207m [48;2;71;34;156m [38;2;80;40;162;48;2;71;34;156m▄[48;2;71;34;156m [48;2;69;33;151m [48;2;55;26;120m  [48;2;43;20;94m     [38;2;71;34;156;48;2;43;20;94m▄[38;2;204;114;207;48;2;71;34;156m▄[38;2;98;58;207;48;2;204;114;207m▄[38;2;98;58;207;48;2;104;61;207m▄[49;38;2;98;58;207m▀[49m [m
[49m [48;2;149;83;207m [49m [48;2;98;58;207m [38;2;94;55;200;48;2;71;34;156m▄[38;2;140;77;201;48;2;197;110;207m▄[48;2;204;114;207m [38;2;71;34;156;48;2;69;33;151m▄[48;2;55;26;120m  [38;2;55;26;120;48;2;43;20;94m▄[38;2;53;25;116;48;2;43;20;94m▄[48;2;43;20;94m  [38;2;67;32;148;48;2;43;20;94m▄[38;2;187;104;200;48;2;71;34;156m▄[38;2;98;58;207;48;2;204;114;207m▄[48;2;98;58;207m [38;2;102;51;204;48;2;98;58;207m▄[49m  [m
[49m [48;2;149;83;207m [49m [48;2;98;58;207m  [38;2;71;34;156;48;2;139;76;200m▄[48;2;204;114;207m [48;2;187;104;200m [38;2;71;34;156;48;2;55;26;120m▄[48;2;55;26;120m    [38;2;55;26;120;48;2;43;20;94m▄[38;2;43;20;94;48;2;71;34;156m▄[38;2;71;34;156;48;2;149;83;207m▄[48;2;98;58;207m  [49;38;2;102;51;204m▀[49m  [m
[49m   [49;38;2;98;58;207m▀[48;2;98;58;207m [38;2;98;58;207;48;2;74;37;162m▄[48;2;98;58;207m [38;2;155;86;207;48;2;197;110;207m▄[48;2;71;34;156m  [48;2;55;26;120m [38;2;71;34;156;48;2;55;26;120m▄[48;2;71;34;156m  [38;2;98;58;207;48;2;71;34;156m▄[48;2;98;58;207m  [49m    [m
[49m     [38;2;97;57;206;48;2;98;58;207m▄[48;2;98;58;207m [48;2;104;61;207m [38;2;149;83;207;48;2;204;114;207m▄[38;2;204;114;207;48;2;149;83;207m▄[48;2;71;34;156m  [38;2;98;58;207;48;2;71;34;156m▄[48;2;98;58;207m   [49m   [38;2;149;83;207;49m▄[49m [m
[49m     [49;38;2;98;58;205m▀[49;38;2;98;58;207m▀[48;2;98;58;207m  [38;2;98;58;207;48;2;117;67;207m▄[38;2;149;83;207;48;2;129;73;207m▄▄[48;2;98;58;207m  [49;38;2;98;58;207m▀[38;2;149;83;207;48;2;96;56;206m▄[38;2;149;83;207;49m▄[49m [49;38;2;148;83;206m▀[49;38;2;147;83;206m▀[49m [m
[49m       [49;38;2;98;57;205m▀[49;38;2;98;58;207m▀▀[49;38;2;149;83;207m▀[48;2;149;83;207m    [49;38;2;149;83;207m▀[49m     [m
