[49m     [48;2;36;211;255m     [38;2;36;211;255;49m▄▄[49m        [m
[49m     [38;2;29;139;225;49m▄▄[38;2;31;141;224;48;2;30;139;224m▄[38;2;31;141;224;48;2;36;211;255m▄[38;2;31;146;226;48;2;36;211;255m▄[48;2;36;211;255m [38;2;32;227;246;48;2;36;211;255m▄[48;2;31;141;224m [38;2;31;141;224;49m▄[49m      [m
[49m    [38;2;31;141;224;49m▄[48;2;31;141;224m    [38;2;33;133;224;48;2;31;141;224m▄[48;2;52;80;224m [38;2;52;80;224;48;2;36;211;255m▄[38;2;27;255;232;48;2;36;211;255m▄[38;2;36;211;255;48;2;31;141;224m▄[48;2;31;141;224m  [49m    [m
[49m   [38;2;31;141;224;49m▄[48;2;31;141;224m  [38;2;52;80;224;48;2;31;141;224m▄[48;2;52;80;224m     [38;2;52;80;224;48;2;36;211;255m▄[48;2;27;255;232m [38;2;52;80;224;48;2;31;141;224m▄[48;2;31;141;224m [38;2;31;141;224;49m▄[49m   [m
[49m   [48;2;31;141;224m  [38;2;36;211;255;48;2;52;80;224m▄▄[48;2;52;80;224m  [38;2;44;67;189;48;2;51;78;219m▄[48;2;44;67;189m   [38;2;44;67;189;48;2;36;211;255m▄[48;2;36;211;255m [38;2;52;80;224;48;2;31;141;224m▄[48;2;31;141;224m [38;2;31;141;224;49m▄[49m  [m
[49m  [38;2;31;141;224;48;2;24;139;230m▄[38;2;36;211;255;48;2;31;141;224m▄[38;2;27;255;232;48;2;36;211;255m▄[38;2;52;80;224;48;2;27;255;232m▄[38;2;52;80;224;48;2;30;233;231m▄[48;2;52;80;224m [38;2;44;67;189;48;2;51;78;219m▄[48;2;44;67;189m [38;2;36;55;156;48;2;44;67;189m▄[38;2;36;55;156;48;2;43;65;184m▄[48;2;36;55;156m  [48;2;52;80;224m  [38;2;52;80;224;48;2;31;141;224m▄[48;2;31;141;224m [48;2;36;211;255m [38;2;36;211;255;49m▄[m
[49m [48;2;31;141;224m  [38;2;27;255;232;48;2;36;211;255m▄[38;2;36;211;255;48;2;27;255;232m▄[48;2;52;80;224m  [48;2;46;71;199m [48;2;44;67;189m [38;2;43;65;184;48;2;44;67;189m▄[48;2;36;55;156m  [38;2;29;45;128;48;2;36;55;156m▄▄▄[48;2;52;80;224m [38;2;31;141;224;48;2;52;80;224m▄[48;2;31;141;224m [48;2;36;211;255m  [m
[49m [48;2;31;141;224m [38;2;36;211;255;48;2;31;141;224m▄[38;2;52;80;224;48;2;27;255;232m▄[48;2;52;80;224m   [48;2;44;67;189m  [48;2;43;65;184m [48;2;36;55;156m [38;2;29;45;128;48;2;36;55;156m▄[48;2;29;45;128m  [38;2;22;34;97;48;2;29;45;128m▄[48;2;52;80;224m  [48;2;31;141;224m [48;2;36;211;255m  [m
[49m [38;2;36;211;255;48;2;31;141;224m▄[48;2;27;255;232m [48;2;52;80;224m    [48;2;44;67;189m  [48;2;36;55;156m  [48;2;29;45;128m  [38;2;22;34;97;48;2;29;45;128m▄[48;2;22;34;97m  [48;2;52;80;224m [48;2;31;141;224m [48;2;36;211;255m  [m
[49m [48;2;27;255;232m [38;2;31;141;224;48;2;36;211;255m▄[48;2;52;80;224m    [48;2;44;67;189m  [48;2;36;55;156m  [48;2;29;45;128m  [48;2;22;34;97m   [48;2;52;80;224m [48;2;31;141;224m [48;2;36;211;255m [49m [m
[38;2;36;211;255;49m▄[38;2;31;141;224;48;2;36;211;255m▄[48;2;31;141;224m [48;2;52;80;224m    [48;2;44;67;189m  [48;2;36;55;156m  [48;2;29;45;128m  [48;2;22;34;97m  [48;2;52;80;224m  [38;2;36;211;255;48;2;31;141;224m▄[48;2;36;211;255m [49m [m
[38;2;36;211;255;49m▄[48;2;31;141;224m  [48;2;52;80;224m    [48;2;44;67;189m  [48;2;36;55;156m   [48;2;29;45;128m  [38;2;29;45;128;48;2;22;34;97m▄[48;2;52;80;224m  [48;2;36;211;255m  [49m [m
[48;2;36;211;255m [48;2;31;141;224m  [48;2;52;80;224m    [48;2;44;67;189m  [48;2;36;55;156m   [48;2;29;45;128m   [48;2;52;80;224m [38;2;36;211;255;48;2;52;80;224m▄[38;2;27;255;232;48;2;36;211;255m▄[49;38;2;36;211;255m▀[49m [m
[48;2;36;211;255m [49;38;2;31;141;224m▀[48;2;31;141;224m [48;2;52;80;224m [38;2;36;211;255;48;2;52;80;224m▄[48;2;52;80;224m  [48;2;44;67;189m  [38;2;43;65;184;48;2;36;55;156m▄[48;2;36;55;156m    [38;2;52;80;224;48;2;36;55;156m▄[48;2;52;80;224m [38;2;31;141;224;48;2;27;255;232m▄▄[49;38;2;31;141;224m▀[49m [m
[49m  [49;38;2;31;141;224m▀[38;2;33;133;224;48;2;52;80;224m▄[38;2;50;96;227;48;2;36;211;255m▄[48;2;27;255;232m [48;2;52;80;224m [38;2;46;71;199;48;2;44;67;189m▄[48;2;44;67;189m [38;2;44;67;189;48;2;43;65;184m▄[38;2;43;65;184;48;2;36;55;156m▄[48;2;36;55;156m   [38;2;30;233;231;48;2;52;80;224m▄[48;2;27;255;232m [48;2;31;141;224m  [49m  [m
[49m   [48;2;31;141;224m [48;2;52;80;224m [48;2;27;255;232m  [38;2;52;80;224;48;2;46;71;199m▄[48;2;44;67;189m    [38;2;44;67;189;48;2;36;55;156m▄[48;2;36;55;156m [38;2;52;80;224;48;2;36;211;255m▄[38;2;31;141;224;48;2;52;80;224m▄[48;2;31;141;224m [49;38;2;31;141;224m▀[49m  [m
[49m   [48;2;31;141;224m   [38;2;36;211;255;48;2;27;255;232m▄[38;2;44;134;226;48;2;47;120;233m▄[48;2;52;80;224m [38;2;51;78;219;48;2;44;67;189m▄[38;2;52;80;224;48;2;44;67;189m▄▄[48;2;52;80;224m  [48;2;31;141;224m  [49m    [m
[49m    [49;38;2;31;141;224m▀[48;2;31;141;224m  [38;2;36;211;255;48;2;29;241;239m▄[38;2;27;255;232;48;2;36;211;255m▄[38;2;38;194;251;48;2;52;80;224m▄[48;2;52;80;224m [38;2;31;141;224;48;2;52;80;224m▄[48;2;31;141;224m   [49;38;2;31;141;224m▀[49m  [38;2;36;211;255;49m▄[49m [m
[49m     [49;38;2;31;141;224m▀[48;2;31;141;224m  [38;2;31;141;224;48;2;32;167;235m▄[38;2;36;211;255;48;2;32;222;246m▄[38;2;36;211;255;48;2;34;184;243m▄[38;2;36;211;255;48;2;31;141;224m▄[48;2;31;141;224m [49;38;2;31;141;224m▀[38;2;36;211;255;48;2;29;139;225m▄[38;2;36;211;255;48;2;35;210;254m▄[49m  [49;38;2;34;212;254m▀[49m [m
[49m       [49;38;2;31;141;224m▀▀[49;38;2;36;211;255m▀[48;2;36;211;255m    [49;38;2;36;211;255m▀▀[49m    [m
